git_commit: f481ddfab99092a494772fb5df2a769fb4db61ba
git_dirty: no
utc_timestamp: 2026-09-28T15:26:10Z
records_per_trial: 200000
qos_class: user_interactive
requested_rate_hz,achieved_rate_hz,ratio,p50_lag_ns,p99_lag_ns,max_lag_ns,sustained
10000,10000.04997924979,1.000004997924979,0,42,3348875,yes
50000,50000.249488744885,1.0000049897748977,0,41,148208,yes
100000,100000.49790247905,1.0000049790247905,0,42,47750,yes
250000,250001.23688111949,1.0000049475244779,0,42,83458,yes
500000,500002.4487619928,1.0000048975239857,0,41,18250,yes
1000000,1000005.0000250001,1.000005000025,0,42,13708,yes
2000000,2000010.0000500001,1.000005000025,0,42,2208,yes
5000000,5000020.7500861129,1.0000041500172225,17,34,5659,yes
10000000,10000042.000176402,1.0000042000176401,16,41,14641,yes
20000000,20000084.000352804,1.0000042000176401,16,41,6258,yes
50000000,49848373.709269837,0.99696747418539677,5500,11982,12235,yes
100000000,48844032.700103007,0.48844032700103007,1097323,2075135,2094686,no
